369
27
40
37
20
10
22
48
59
53
39
39
38
17
2
18
44
53
40
28
20
16
34
52
48
32
23
16
4
0
13
37
51
53
50
35
20
18
11
5
-2
-5
-3
2
25
55
81
75
50
36
40
53
60
53
39
33
40
52
56
51
40
44
58
74
76
77
64
53
64
66
55
55
64
68
64
39
23
33
55
72
70
69
81
98
106
90
57
35
35
37
42
44
32
16
8
5
11
24
36
55
81
74
51
25
24
39
48
37
24
27
37
42
52
57
55
39
34
33
28
27
36
40
44
54
73
80
57
33
16
16
35
53
43
23
9
-2
5
29
45
48
39
32
24
21
29
44
68
71
56
52
58
72
84
89
85
77
80
81
74
71
69
57
64
88
102
77
65
67
69
81
86
81
89
120
136
113
91
91
84
75
87
90
81
59
28
18
44
82
101
103
118
138
134
117
108
122
133
128
117
129
146
134
105
92
100
89
76
70
68
73
84
91
83
57
28
23
33
40
37
36
27
18
19
32
42
53
68
80
80
67
54
44
43